Xneg =

   34.624   78.025

yneg = 0
Xneg =

   34.624   78.025
   30.287   43.895

yneg =

   0
   0

Xneg =

   34.624   78.025
   30.287   43.895
   35.847   72.902

yneg =

   0
   0
   0

Xpos =

   60.183   86.309

ypos =  1
Xpos =

   60.183   86.309
   79.033   75.344

ypos =

   1
   1

Xneg =

   34.624   78.025
   30.287   43.895
   35.847   72.902
   45.083   56.316

yneg =

   0
   0
   0
   0

Xpos =

   60.183   86.309
   79.033   75.344
   61.107   96.511

ypos =

   1
   1
   1

Xpos =

   60.183   86.309
   79.033   75.344
   61.107   96.511
   75.025   46.554

ypos =

   1
   1
   1
   1

Xpos =

   60.183   86.309
   79.033   75.344
   61.107   96.511
   75.025   46.554
   76.099   87.421

ypos =

   1
   1
   1
   1
   1

Xpos =

   60.183   86.309
   79.033   75.344
   61.107   96.511
   75.025   46.554
   76.099   87.421
   84.433   43.533

ypos =

   1
   1
   1
   1
   1
   1

Xneg =

   34.624   78.025
   30.287   43.895
   35.847   72.902
   45.083   56.316
   95.862   38.225

yneg =

   0
   0
   0
   0
   0

Xneg =

   34.624   78.025
   30.287   43.895
   35.847   72.902
   45.083   56.316
   95.862   38.225
   75.014   30.603

yneg =

   0
   0
   0
   0
   0
   0

Xpos =

   60.183   86.309
   79.033   75.344
   61.107   96.511
   75.025   46.554
   76.099   87.421
   84.433   43.533
   82.307   76.482

ypos =

   1
   1
   1
   1
   1
   1
   1

Xpos =

   60.183   86.309
   79.033   75.344
   61.107   96.511
   75.025   46.554
   76.099   87.421
   84.433   43.533
   82.307   76.482
   69.365   97.719

ypos =

   1
   1
   1
   1
   1
   1
   1
   1

Xneg =

   34.624   78.025
   30.287   43.895
   35.847   72.902
   45.083   56.316
   95.862   38.225
   75.014   30.603
   39.538   76.037

yneg =

   0
   0
   0
   0
   0
   0
   0

Xpos =

   60.183   86.309
   79.033   75.344
   61.107   96.511
   75.025   46.554
   76.099   87.421
   84.433   43.533
   82.307   76.482
   69.365   97.719
   53.971   89.207

ypos =

   1
   1
   1
   1
   1
   1
   1
   1
   1

Xpos =

   60.183   86.309
   79.033   75.344
   61.107   96.511
   75.025   46.554
   76.099   87.421
   84.433   43.533
   82.307   76.482
   69.365   97.719
   53.971   89.207
   69.070   52.740

ypos =

   1
   1
   1
   1
   1
   1
   1
   1
   1
   1

Xneg =

   34.624   78.025
   30.287   43.895
   35.847   72.902
   45.083   56.316
   95.862   38.225
   75.014   30.603
   39.538   76.037
   67.947   46.679

yneg =

   0
   0
   0
   0
   0
   0
   0
   0

Xpos =

   60.183   86.309
   79.033   75.344
   61.107   96.511
   75.025   46.554
   76.099   87.421
   84.433   43.533
   82.307   76.482
   69.365   97.719
   53.971   89.207
   69.070   52.740
   70.662   92.927

ypos =

   1
   1
   1
   1
   1
   1
   1
   1
   1
   1
   1

Xpos =

   60.183   86.309
   79.033   75.344
   61.107   96.511
   75.025   46.554
   76.099   87.421
   84.433   43.533
   82.307   76.482
   69.365   97.719
   53.971   89.207
   69.070   52.740
   70.662   92.927
   76.979   47.576

ypos =

   1
   1
   1
   1
   1
   1
   1
   1
   1
   1
   1
   1

Xneg =

   34.624   78.025
   30.287   43.895
   35.847   72.902
   45.083   56.316
   95.862   38.225
   75.014   30.603
   39.538   76.037
   67.947   46.679
   67.372   42.838

yneg =

   0
   0
   0
   0
   0
   0
   0
   0
   0

Xpos =

   60.183   86.309
   79.033   75.344
   61.107   96.511
   75.025   46.554
   76.099   87.421
   84.433   43.533
   82.307   76.482
   69.365   97.719
   53.971   89.207
   69.070   52.740
   70.662   92.927
   76.979   47.576
   89.677   65.799

ypos =

   1
   1
   1
   1
   1
   1
   1
   1
   1
   1
   1
   1
   1

Xneg =

   34.624   78.025
   30.287   43.895
   35.847   72.902
   45.083   56.316
   95.862   38.225
   75.014   30.603
   39.538   76.037
   67.947   46.679
   67.372   42.838
   50.535   48.856

yneg =

   0
   0
   0
   0
   0
   0
   0
   0
   0
   0

Xneg =

   34.624   78.025
   30.287   43.895
   35.847   72.902
   45.083   56.316
   95.862   38.225
   75.014   30.603
   39.538   76.037
   67.947   46.679
   67.372   42.838
   50.535   48.856
   34.212   44.210

yneg =

   0
   0
   0
   0
   0
   0
   0
   0
   0
   0
   0

Xpos =

   60.183   86.309
   79.033   75.344
   61.107   96.511
   75.025   46.554
   76.099   87.421
   84.433   43.533
   82.307   76.482
   69.365   97.719
   53.971   89.207
   69.070   52.740
   70.662   92.927
   76.979   47.576
   89.677   65.799
   77.924   68.972

ypos =

   1
   1
   1
   1
   1
   1
   1
   1
   1
   1
   1
   1
   1
   1

Xpos =

   60.183   86.309
   79.033   75.344
   61.107   96.511
   75.025   46.554
   76.099   87.421
   84.433   43.533
   82.307   76.482
   69.365   97.719
   53.971   89.207
   69.070   52.740
   70.662   92.927
   76.979   47.576
   89.677   65.799
   77.924   68.972
   62.271   69.954

ypos =

   1
   1
   1
   1
   1
   1
   1
   1
   1
   1
   1
   1
   1
   1
   1

Xpos =

   60.183   86.309
   79.033   75.344
   61.107   96.511
   75.025   46.554
   76.099   87.421
   84.433   43.533
   82.307   76.482
   69.365   97.719
   53.971   89.207
   69.070   52.740
   70.662   92.927
   76.979   47.576
   89.677   65.799
   77.924   68.972
   62.271   69.954
   80.190   44.822

ypos =

   1
   1
   1
   1
   1
   1
   1
   1
   1
   1
   1
   1
   1
   1
   1
   1

Xneg =

   34.624   78.025
   30.287   43.895
   35.847   72.902
   45.083   56.316
   95.862   38.225
   75.014   30.603
   39.538   76.037
   67.947   46.679
   67.372   42.838
   50.535   48.856
   34.212   44.210
   93.114   38.801

yneg =

   0
   0
   0
   0
   0
   0
   0
   0
   0
   0
   0
   0

Xneg =

   34.624   78.025
   30.287   43.895
   35.847   72.902
   45.083   56.316
   95.862   38.225
   75.014   30.603
   39.538   76.037
   67.947   46.679
   67.372   42.838
   50.535   48.856
   34.212   44.210
   93.114   38.801
   61.830   50.256

yneg =

   0
   0
   0
   0
   0
   0
   0
   0
   0
   0
   0
   0
   0

Xneg =

   34.624   78.025
   30.287   43.895
   35.847   72.902
   45.083   56.316
   95.862   38.225
   75.014   30.603
   39.538   76.037
   67.947   46.679
   67.372   42.838
   50.535   48.856
   34.212   44.210
   93.114   38.801
   61.830   50.256
   38.786   64.996

yneg =

   0
   0
   0
   0
   0
   0
   0
   0
   0
   0
   0
   0
   0
   0

Xpos =

   60.183   86.309
   79.033   75.344
   61.107   96.511
   75.025   46.554
   76.099   87.421
   84.433   43.533
   82.307   76.482
   69.365   97.719
   53.971   89.207
   69.070   52.740
   70.662   92.927
   76.979   47.576
   89.677   65.799
   77.924   68.972
   62.271   69.954
   80.190   44.822
   61.379   72.808

ypos =

   1
   1
   1
   1
   1
   1
   1
   1
   1
   1
   1
   1
   1
   1
   1
   1
   1

Xpos =

   60.183   86.309
   79.033   75.344
   61.107   96.511
   75.025   46.554
   76.099   87.421
   84.433   43.533
   82.307   76.482
   69.365   97.719
   53.971   89.207
   69.070   52.740
   70.662   92.927
   76.979   47.576
   89.677   65.799
   77.924   68.972
   62.271   69.954
   80.190   44.822
   61.379   72.808
   85.405   57.052

ypos =

   1
   1
   1
   1
   1
   1
   1
   1
   1
   1
   1
   1
   1
   1
   1
   1
   1
   1

Xneg =

   34.624   78.025
   30.287   43.895
   35.847   72.902
   45.083   56.316
   95.862   38.225
   75.014   30.603
   39.538   76.037
   67.947   46.679
   67.372   42.838
   50.535   48.856
   34.212   44.210
   93.114   38.801
   61.830   50.256
   38.786   64.996
   52.108   63.128

yneg =

   0
   0
   0
   0
   0
   0
   0
   0
   0
   0
   0
   0
   0
   0
   0

Xpos =

   60.183   86.309
   79.033   75.344
   61.107   96.511
   75.025   46.554
   76.099   87.421
   84.433   43.533
   82.307   76.482
   69.365   97.719
   53.971   89.207
   69.070   52.740
   70.662   92.927
   76.979   47.576
   89.677   65.799
   77.924   68.972
   62.271   69.954
   80.190   44.822
   61.379   72.808
   85.405   57.052
   52.045   69.433

